0 43 20
0 44 25
0 45 25
0 51 25
1 6 120
1 132 134
1 21 140
1 131 147
2 102 36
2 123 61
2 101 67
2 122 91
3 98 110
3 104 136
3 61 154
3 106 198
4 46 240
4 16 324
4 75 330
4 29 365
5 116 89
5 117 117
5 60 134
5 114 135
6 21 164
6 57 206
6 132 214
7 139 66
7 140 129
7 135 146
7 14 208
8 141 101
8 54 125
8 152 165
8 145 173
9 24 75
9 41 226
9 87 250
9 86 259
10 169 7
10 170 9
10 168 36
10 171 36
11 55 166
11 12 170
11 94 261
11 40 268
12 55 51
12 92 193
12 93 254
13 95 133
13 94 138
13 113 175
13 93 222
14 131 86
14 135 96
14 132 101
14 21 164
15 23 219
15 46 239
15 16 251
15 47 349
16 46 125
16 89 284
16 23 323
17 74 65
17 188 75
17 189 98
17 187 111
18 126 49
18 130 93
18 128 104
18 127 122
19 127 54
19 130 84
19 64 93
19 126 127
20 128 42
20 63 91
20 129 96
20 103 133
21 132 87
21 131 109
21 58 163
22 84 48
22 85 54
22 42 81
22 38 108
23 86 190
23 87 230
23 9 264
24 39 209
24 87 212
24 38 216
25 164 56
25 52 75
25 163 82
25 162 95
26 54 163
26 143 172
26 27 196
26 142 200
27 140 137
27 139 176
27 7 209
28 91 30
28 90 36
28 88 106
28 89 169
29 16 343
29 89 392
29 46 394
30 83 43
30 82 53
30 159 76
30 171 111
31 171 23
31 170 55
31 10 56
31 169 62
32 69 38
32 66 73
32 68 96
32 67 107
33 122 38
33 121 99
33 101 127
33 2 128
34 96 129
34 111 168
34 110 250
34 35 303
35 97 32
35 110 53
35 115 98
35 109 128
36 103 51
36 37 116
36 64 140
36 63 163
37 103 93
37 62 115
37 63 124
38 39 94
38 84 150
38 85 159
39 22 200
39 84 244
40 54 184
40 8 189
40 55 227
40 27 228
41 81 95
41 42 142
41 50 182
41 85 191
42 85 52
42 84 61
42 153 80
43 45 16
43 51 16
43 44 37
44 45 29
44 153 46
45 153 29
46 47 381
47 186 190
47 185 217
47 187 231
47 188 264
48 78 96
48 197 108
48 191 117
48 77 123
49 200 48
49 198 69
49 199 93
49 192 107
50 51 43
50 43 59
50 0 64
50 151 67
51 45 32
52 164 19
52 161 38
52 53 54
52 162 68
53 167 41
53 168 64
53 165 65
54 141 138
55 92 242
56 117 174
56 57 206
56 59 222
56 118 222
57 66 99
57 69 142
57 32 157
57 68 161
58 92 128
58 93 196
58 6 217
59 112 96
59 117 138
59 113 140
59 93 177
60 114 72
60 115 100
60 112 177
61 98 109
61 109 118
61 108 125
62 63 59
62 102 125
62 103 146
63 103 112
64 130 123
64 127 127
65 125 49
65 121 135
65 124 137
65 33 205
66 68 70
66 69 82
66 67 86
67 68 16
67 100 132
68 69 127
69 67 140
70 160 90
70 178 120
70 25 122
70 173 149
71 73 133
71 70 151
71 178 210
71 160 217
72 73 140
72 177 215
72 178 223
72 173 245
73 178 222
73 70 235
74 190 92
74 189 117
74 192 120
75 49 146
75 190 158
75 192 160
75 200 170
76 184 51
76 183 70
76 179 95
76 182 103
77 78 46
77 193 76
77 197 78
77 196 80
78 197 35
78 196 56
78 193 67
79 146 64
79 80 72
79 163 96
79 147 104
80 165 61
80 162 71
80 147 76
81 83 153
81 82 172
81 50 177
82 83 28
82 159 67
82 149 89
83 159 89
83 50 116
84 85 10
84 153 80
85 153 73
86 87 48
86 24 234
87 39 247
88 89 70
88 91 128
88 90 133
89 91 194
89 90 199
90 91 7
92 93 154
92 21 216
93 94 84
94 113 162
94 95 192
95 113 87
95 114 170
95 112 191
96 111 47
96 110 126
96 35 179
97 110 83
97 109 98
97 115 109
98 106 99
98 108 113
99 118 86
99 116 103
99 107 136
99 119 142
100 120 58
100 124 71
100 119 131
101 122 94
101 102 103
101 123 114
102 123 55
102 122 104
104 105 113
104 37 176
104 62 184
105 37 125
105 62 202
105 103 214
106 123 61
106 108 108
106 102 116
107 119 89
107 108 134
107 120 139
109 110 174
110 111 82
110 115 117
111 35 135
111 97 165
112 117 103
112 114 112
112 113 119
113 114 150
116 118 91
116 117 138
118 119 128
118 107 172
119 120 116
120 124 95
120 101 124
121 122 102
121 101 115
121 124 117
124 125 111
125 121 151
125 100 178
126 130 56
126 127 74
127 130 45
128 129 71
128 63 131
129 18 129
129 33 149
131 132 23
133 136 87
133 134 102
133 137 168
133 138 178
134 137 68
134 138 95
134 136 113
135 131 168
135 136 177
136 137 176
137 138 51
138 136 208
139 140 65
139 135 204
140 143 204
141 145 78
141 152 160
142 145 165
142 141 186
142 146 200
143 144 139
143 139 259
144 26 223
144 142 267
144 140 341
145 148 120
145 154 127
145 147 138
146 147 67
146 80 92
146 156 109
147 156 43
147 148 81
148 156 48
148 154 57
148 155 61
149 150 33
149 159 56
149 157 59
149 151 77
150 151 45
150 155 63
150 157 71
151 0 46
151 51 56
151 44 59
152 44 49
152 153 69
152 45 72
152 0 74
153 43 44
153 0 53
154 155 61
154 152 81
154 151 88
155 157 54
156 155 86
156 166 89
157 166 73
158 170 36
158 169 37
158 10 39
158 159 55
159 170 74
160 178 56
160 173 64
160 161 87
161 175 34
161 164 52
161 174 61
162 163 55
162 165 61
162 164 65
162 53 66
163 80 86
163 164 89
165 166 32
165 167 36
166 167 32
166 53 73
167 162 75
168 169 35
168 170 44
168 171 55
169 170 14
170 171 32
171 169 42
172 176 32
172 174 39
172 177 64
172 175 68
173 178 42
173 174 62
173 176 80
174 175 34
175 168 61
175 52 68
176 177 33
176 174 63
177 173 81
177 174 88
178 174 103
178 177 106
179 189 33
179 17 118
179 77 123
180 181 44
180 182 61
180 194 83
180 184 85
181 194 88
181 182 91
181 184 128
182 183 50
182 194 51
182 184 60
183 184 54
183 193 64
185 186 30
185 187 35
185 188 48
185 17 123
186 187 44
186 188 74
186 17 149
187 188 42
189 77 114
190 192 29
190 191 43
190 49 132
191 192 27
191 74 122
193 196 25
193 195 41
193 197 60
194 195 58
194 183 86
195 196 42
195 197 76
196 197 38
198 200 51
198 199 87
198 192 157
199 200 49
199 75 182
200 192 155
