0 Delhi 28.6139 77.209
1 Mumbai 19.076 72.8777
2 Bangalore 12.9716 77.5946
3 Chennai 13.0827 80.2707
4 Kolkata 22.5726 88.3639
5 Hyderabad 17.385 78.4867
6 Pune 18.5204 73.8567
7 Ahmedabad 23.0225 72.5714
8 Jaipur 26.9124 75.7873
9 Lucknow 26.8467 80.9462
10 Chandigarh 30.7333 76.7794
11 Bhopal 23.2599 77.4126
12 Indore 22.7196 75.8577
13 Nagpur 21.1458 79.0882
14 Surat 21.1702 72.8311
15 Patna 25.5941 85.1376
16 Ranchi 23.3441 85.3096
17 Guwahati 26.1445 91.7362
18 Kochi 9.9312 76.2673
19 Thiruvananthapuram 8.5241 76.9366
20 Coimbatore 11.0168 76.9558
21 Nashik 19.9975 73.7898
22 Agra 27.1767 78.0081
23 Varanasi 25.3176 82.9739
24 Kanpur 26.4499 80.3319
25 Amritsar 31.6340 74.8723
26 Jodhpur 26.2389 73.0243
27 Udaipur 24.5854 73.7125
28 Raipur 21.2514 81.6296
29 Bhubaneswar 20.2961 85.8245
30 Dehradun 30.3165 78.0322
31 Shimla 31.1048 77.1734
32 Goa 15.2993 74.1240
33 Mysore 12.2958 76.6394
34 Visakhapatnam 17.6868 83.2185
35 Vijayawada 16.5062 80.6480
36 Madurai 9.9252 78.1198
37 Tiruchirappalli 10.7905 78.7047
38 Gwalior 26.2183 78.1828
39 Jhansi 25.4484 78.5685
40 Kota 25.2138 75.8648
41 Bareilly 28.3670 79.4304
42 Aligarh 27.8974 78.0880
43 Noida 28.5355 77.3910
44 Gurugram 28.4595 77.0266
45 Faridabad 28.4089 77.3178
46 Dhanbad 23.7957 86.4304
47 Siliguri 26.7271 88.3953
48 Imphal 24.8170 93.9368
49 Aizawl 23.7271 92.7176
50 Meerut 28.9845 77.7064
51 Ghaziabad 28.6692 77.4538
52 Jalandhar 31.3260 75.5762
53 Ludhiana 30.9010 75.8573
54 Ajmer 26.4499 74.6399
55 Ujjain 23.1765 75.7885
56 Solapur 17.6599 75.9064
57 Kolhapur 16.7050 74.2433
58 Aurangabad 19.8762 75.3433
59 Nanded 19.1383 77.3210
60 Warangal 17.9689 79.5941
61 Nellore 14.4426 79.9865
62 Salem 11.6643 78.1460
63 Erode 11.3410 77.7172
64 Tirunelveli 8.7139 77.7567
65 Mangalore 12.9141 74.8560
66 Belgaum 15.8497 74.4977
67 Hubli 15.3647 75.1240
68 Dharwad 15.4589 75.0078
69 Panaji 15.4909 73.8278
70 Jammu 32.7266 74.8570
71 Srinagar 34.0837 74.7973
72 Leh 34.1526 77.5770
73 Kargil 34.5539 76.1340
74 Shillong 25.5788 91.8933
75 Agartala 23.8315 91.2868
76 Itanagar 27.0844 93.6053
77 Dimapur 25.9091 93.7276
78 Kohima 25.6701 94.1077
79 Abohar 30.1445 74.1955
80 Bathinda 30.2110 74.9455
81 Haldwani 29.2183 79.5120
82 Roorkee 29.8543 77.8880
83 Haridwar 29.9457 78.1642
84 Mathura 27.4924 77.6737
85 Vrindavan 27.5806 77.7006
86 Rewa 24.5362 81.3037
87 Satna 24.6005 80.8322
88 Bilaspur 22.0797 82.1409
89 Korba 22.3595 82.7501
90 Durg 21.1904 81.2849
91 Bhilai 21.1938 81.3509
92 Jalgaon 21.0077 75.5626
93 Akola 20.7002 77.0082
94 Amravati 20.9374 77.7796
95 Chandrapur 19.9615 79.2961
96 Kakinada 16.9891 82.2475
97 Guntur 16.3067 80.4365
98 Tirupati 13.6288 79.4192
99 Kurnool 15.8281 78.0373
100 Davangere 14.4644 75.9218
101 Tumkur 13.3409 77.1010
102 Hosur 12.7409 77.8253
103 Dindigul 10.3624 77.9695
104 Puducherry 11.9416 79.8083
105 Karaikal 10.9254 79.8380
106 Madanapalle 13.5503 78.5029
107 Anantapur 14.6819 77.6006
108 Kadapa 14.4673 78.8242
109 Ongole 15.5057 80.0499
110 Eluru 16.7107 81.0952
111 Rajahmundry 17.0005 81.8040
112 Nizamabad 18.6725 78.0941
113 Adilabad 19.6640 78.5320
114 Karimnagar 18.4386 79.1288
115 Khammam 17.2473 80.1514
116 Mahbubnagar 16.7488 77.9856
117 Bidar 17.9133 77.5301
118 Raichur 16.2120 77.3439
119 Bellary 15.1394 76.9214
120 Chitradurga 14.2251 76.3983
121 Hassan 13.0072 76.0963
122 Mandya 12.5223 76.8975
123 Kolar 13.1377 78.1291
124 Shimoga 13.9299 75.5681
125 Udupi 13.3409 74.7421
126 Alappuzha 9.4981 76.3388
127 Kollam 8.8932 76.6141
128 Palakkad 10.7867 76.6548
129 Malappuram 11.0732 76.0740
130 Pathanamthitta 9.2648 76.7870
131 Daman 20.3974 72.8328
132 Silvassa 20.2730 73.0083
133 Porbandar 21.6417 69.6293
134 Jamnagar 22.4707 70.0577
135 Bhavnagar 21.7645 72.1519
136 Junagadh 21.5222 70.4579
137 Gandhidham 23.0752 70.1337
138 Bhuj 23.2420 69.6669
139 Mehsana 23.5879 72.3693
140 Palanpur 24.1725 72.4382
141 Sikar 27.6094 75.1399
142 Bikaner 28.0229 73.3119
143 Barmer 25.7457 71.3926
144 Jaisalmer 26.9157 70.9083
145 Churu 28.2925 74.9679
146 Hanumangarh 29.5815 74.3294
147 Sirsa 29.5336 75.0160
148 Hisar 29.1492 75.7217
149 Karnal 29.6857 76.9905
150 Panipat 29.3909 76.9635
151 Sonipat 28.9931 77.0151
152 Rewari 28.1990 76.6198
153 Palwal 28.1445 77.3250
154 Bhiwani 28.7930 76.1397
155 Jind 29.3167 76.3167
156 Fatehabad 29.5139 75.4553
157 Kaithal 29.8014 76.3990
158 Ambala 30.3782 76.7767
159 Yamunanagar 30.1290 77.2674
160 Pathankot 32.2643 75.6421
161 Hoshiarpur 31.5143 75.9115
162 Moga 30.8230 75.1737
163 Firozpur 30.9331 74.6139
164 Kapurthala 31.3801 75.3848
165 Barnala 30.3819 75.5480
166 Sangrur 30.2450 75.8420
167 Malerkotla 30.5300 75.8830
168 Rupnagar 30.9670 76.5230
169 Mohali 30.7046 76.7179
170 Panchkula 30.6942 76.8606
171 Solan 30.9045 77.0967
172 Mandi 31.7080 76.9326
173 Dharamshala 32.2190 76.3234
174 Hamirpur 31.6860 76.5213
175 Una 31.4685 76.2691
176 Kullu 31.9578 77.1095
177 Manali 32.2432 77.1892
178 Chamba 32.5534 76.1258
179 Tezpur 26.6338 92.7926
180 Dibrugarh 27.4728 94.9120
181 Tinsukia 27.4924 95.3599
182 Sivasagar 26.9845 94.6375
183 Jorhat 26.7509 94.2037
184 Lakhimpur 27.2270 94.1000
185 Bongaigaon 26.4770 90.5580
186 Kokrajhar 26.4014 90.2720
187 Goalpara 26.1642 90.6250
188 Barpeta 26.3220 91.0060
189 Nagaon 26.3480 92.6920
190 Karimganj 24.8690 92.3550
191 Silchar 24.8333 92.7789
192 Hailakandi 24.6830 92.5630
193 Aboi 26.2100 94.4100
194 Mon 26.7400 95.0700
195 Tuensang 26.2700 94.8200
196 Zunheboto 26.0100 94.5200
197 Phek 25.6700 94.4600
198 Champhai 23.4560 93.3290
199 Lunglei 22.8870 92.7420
200 Serchhip 23.3140 92.8530